FID,STFID,OID_,AREA_HA,pop2000,hden2000,zoning
0,4.20E+14,0,78.7,11,0.05,3
1,4.20E+14,0,131.9,5,0.02,2
2,4.20E+14,0,16.3,8,0.18,2
3,4.20E+14,0,78.8,15,0.05,1
4,4.20E+14,0,30.1,48,0.63,1
5,4.20E+14,0,59.6,37,0.23,3
6,4.20E+14,0,174.9,67,0.15,1
7,4.20E+14,0,77.7,40,0.23,3
8,4.20E+14,0,20.3,0,0,3
9,4.20E+14,0,367.9,110,0.11,3
10,4.20E+14,0,395.9,119,0.12,1
11,4.20E+14,0,20.4,15,0.34,2
12,4.20E+14,0,13.9,0,0,3
13,4.20E+14,0,6.7,0,0,3
14,4.20E+14,0,127.9,25,0.09,2
15,4.20E+14,0,38.4,6,0.05,3
16,4.20E+14,0,65.7,2,0.02,3
17,4.20E+14,0,60.6,7,0.08,1
18,4.20E+14,0,249.8,54,0.09,3
19,4.20E+14,0,187.8,10,0.03,2
20,4.20E+14,0,134.2,47,0.13,2
21,4.20E+14,0,154.7,42,0.1,3
22,4.20E+14,0,115.3,101,0.33,1
23,4.20E+14,0,57.5,43,0.28,2
24,4.20E+14,0,26.5,13,0.19,2
25,4.20E+14,0,98.4,22,0.1,1
26,4.20E+14,0,43,0,0,2
27,4.20E+14,0,28.1,7,0.11,2
28,4.20E+14,0,41.8,2,0.02,1
29,4.20E+14,0,33.6,3,0.03,1
30,4.20E+14,0,5.4,8,0.74,3
31,4.20E+14,0,9.8,10,0.61,3
32,4.20E+14,0,10.6,42,1.79,2
33,4.20E+14,0,12.7,20,0.71,3
34,4.20E+14,0,6.9,5,0.14,3
35,4.20E+14,0,92,61,0.28,1
36,4.20E+14,0,80.3,113,0.65,3
37,4.20E+14,0,257.6,16,0.02,3
38,4.20E+14,0,114.7,184,0.7,1
39,4.20E+14,0,1,17,5,2
40,4.20E+14,0,21.8,9,0.14,1
41,4.20E+14,0,40.9,16,0.15,3
42,4.20E+14,0,6.3,12,0.95,3
43,4.20E+14,0,93.3,177,0.76,1
44,4.20E+14,0,3.8,19,1.58,2
45,4.20E+14,0,5.8,95,6.55,1
46,4.20E+14,0,17.7,288,6.16,1
47,4.20E+14,0,0.4,0,0,3
48,4.20E+14,0,1.1,7,3.64,1
49,4.20E+14,0,0.8,7,5,1
50,4.20E+14,0,2,26,5.5,1
51,4.20E+14,0,70.9,20,0.13,2
52,4.20E+14,0,1.8,30,8.89,1
53,4.20E+14,0,4.8,92,7.71,3
54,4.20E+14,0,3.8,38,5.53,3
55,4.20E+14,0,18.6,6,0.11,2
56,4.20E+14,0,3,0,0,1
57,4.20E+14,0,121.3,135,0.11,1
58,4.20E+14,0,4.5,0,0,1
59,4.20E+14,0,73.5,4,0.04,2
60,4.20E+14,0,86.8,18,0.12,2
61,4.20E+14,0,35,9,0.14,2
62,4.20E+14,0,5.9,3,0.17,3
63,4.20E+14,0,10.2,9,0.59,1
64,4.20E+14,0,105.5,45,0.19,2
65,4.20E+14,0,58.9,21,0.15,1
66,4.20E+14,0,25.9,3,0.04,1
67,4.20E+14,0,26,22,0.27,2
68,4.20E+14,0,62.6,202,1.15,1
69,4.20E+14,0,11.8,90,2.97,2
70,4.20E+14,0,4.6,36,2.61,3
71,4.20E+14,0,0.9,12,4.44,1
72,4.20E+14,0,4.5,51,4,3
73,4.20E+14,0,5.3,60,4.34,2
74,4.20E+14,0,8.9,36,2.7,1
75,4.20E+14,0,297.5,37,0.06,3
76,4.20E+14,0,106.3,6,0.04,2
77,4.20E+14,0,43.9,35,0.23,2
78,4.20E+14,0,17.1,79,2.75,2
79,4.20E+14,0,84.2,156,0.7,1
80,4.20E+14,0,2.2,10,1.82,2
81,4.20E+14,0,1,4,2,3
82,4.20E+14,0,3.4,26,2.65,3
83,4.20E+14,0,0.9,5,3.33,3
84,4.20E+14,0,9,21,1.56,1
85,4.20E+14,0,9.9,68,3.23,2
86,4.20E+14,0,10.6,79,2.55,3
87,4.20E+14,0,4.7,42,2.98,2
88,4.20E+14,0,6.4,39,2.66,3
89,4.20E+14,0,1.5,2,0.67,2
90,4.20E+14,0,1.7,8,3.53,2
91,4.20E+14,0,4.8,43,3.33,2
92,4.20E+14,0,0.7,9,5.71,2
93,4.20E+14,0,60.2,15,0.05,2
94,4.20E+14,0,7.4,0,0,1
95,4.20E+14,0,9.2,4,0.22,1
96,4.20E+14,0,279.3,99,0.16,1
97,4.20E+14,0,15.6,0,0,3
98,4.20E+14,0,68.1,148,0.81,1
99,4.20E+14,0,4.9,28,2.65,2
100,4.20E+14,0,4.2,36,3.81,2
101,4.20E+14,0,2.6,16,1.92,2
102,4.20E+14,0,0.8,0,0,1
103,4.20E+14,0,10.7,40,1.96,2
104,4.20E+14,0,1.7,13,3.53,1
105,4.20E+14,0,10.6,63,2.92,2
106,4.20E+14,0,3.2,45,5.31,2
107,4.20E+14,0,5.4,56,4.26,1
108,4.20E+14,0,5.5,54,4.73,3
109,4.20E+14,0,50.8,111,0.79,2
110,4.20E+14,0,1.9,2,0.53,2
111,4.20E+14,0,0.7,2,2.86,2
112,4.20E+14,0,3.3,23,2.73,1
113,4.20E+14,0,3.5,34,4,3
114,4.20E+14,0,1.8,22,4.44,2
115,4.20E+14,0,23.4,140,3.42,3
116,4.20E+14,0,4.4,28,2.27,2
117,4.20E+14,0,2.6,3,0.77,3
118,4.20E+14,0,49.8,31,0.2,1
119,4.20E+14,0,166.4,42,0.09,1
120,4.20E+14,0,20.2,38,0.89,1
121,4.20E+14,0,11.9,33,1.09,1
122,4.20E+14,0,48.4,30,0.37,1
123,4.20E+14,0,2.3,8,1.74,1
124,4.20E+14,0,19.8,74,1.36,1
125,4.20E+14,0,79.3,46,0.28,2
126,4.20E+14,0,23.3,77,1.29,2
127,4.20E+14,0,99.3,3,0.01,2
128,4.20E+14,0,39.9,40,0.33,3
129,4.20E+14,0,171.9,61,0.17,1
130,4.20E+14,0,81.8,12,0.06,1
131,4.20E+14,0,41.1,11,0.12,3
132,4.20E+14,0,108.3,23,0.06,2
133,4.20E+14,0,58,7,0.07,2
134,4.20E+14,0,75.7,8,0.05,1
135,4.20E+14,0,50.4,8,0.08,3
136,4.20E+14,0,1.1,6,2.73,3
137,4.20E+14,0,4.2,2,0.24,2
138,4.20E+14,0,270.4,68,0.09,1
139,4.20E+14,0,24.3,4,0.08,3
140,4.20E+14,0,212.6,51,0.08,2
141,4.20E+14,0,168.5,37,0.07,2
142,4.20E+14,0,44.4,12,0.11,2
143,4.20E+14,0,22.8,0,0,1
144,4.20E+14,0,141.9,79,0.23,1
145,4.20E+14,0,14.7,0,0,1
146,4.20E+14,0,185,91,0.2,2
147,4.20E+14,0,34.4,55,0.55,1
148,4.20E+14,0,40.6,0,0,3
149,4.20E+14,0,9.1,4,0.11,1
150,4.20E+14,0,4,3,0.25,2
151,4.20E+14,0,45.5,29,0.29,1
152,4.20E+14,0,95.3,8,0.03,3
153,4.20E+14,0,80.2,3,0.02,3
154,4.20E+14,0,0.8,11,5,1
155,4.20E+14,0,114.7,148,0.48,3
156,4.20E+14,0,0.6,0,0,1
157,4.20E+14,0,14,45,1.43,1
158,4.20E+14,0,10,26,1.2,1
159,4.20E+14,0,29.9,0,0,1
160,4.20E+14,0,198.7,78,0.15,3
161,4.20E+14,0,2.8,7,0.71,1
162,4.20E+14,0,1.6,0,0,1
163,4.20E+14,0,1,0,0,2
164,4.20E+14,0,13,0,0,1
165,4.20E+14,0,72.3,33,0.19,2
166,4.20E+14,0,11.2,15,0.54,1
167,4.20E+14,0,10.1,9,0.5,2
168,4.20E+14,0,24.3,10,0.16,1
169,4.20E+14,0,0.6,3,1.67,3
170,4.20E+14,0,1,5,2,2
171,4.20E+14,0,5.3,0,0,3
172,4.20E+14,0,26.1,27,0.57,3
173,4.20E+14,0,10.7,208,7.01,1
174,4.20E+14,0,0.5,0,0,2
175,4.20E+14,0,1.3,0,0,1
176,4.20E+14,0,41.1,9,0.12,2
177,4.20E+14,0,3.1,1,0.32,2
178,4.20E+14,0,4.2,0,0,3
179,4.20E+14,0,0.9,0,0,1
180,4.20E+14,0,0.4,0,0,3
181,4.20E+14,0,0.8,4,1.25,2
182,4.20E+14,0,5.8,0,0,2
183,4.20E+14,0,0.2,2,5,1
184,4.20E+14,0,0.3,0,0,2
185,4.20E+14,0,1.1,0,0,1
186,4.20E+14,0,0.2,0,0,3
187,4.20E+14,0,1.2,2,1.67,1
188,4.20E+14,0,0.2,4,10,1
189,4.20E+14,0,2.1,0,0,2
190,4.20E+14,0,1.9,4,1.05,2
191,4.20E+14,0,0.4,0,0,3
192,4.20E+14,0,0.5,0,0,2
193,4.20E+14,0,3.8,0,0,2
194,4.20E+14,0,37.1,71,0.65,3
195,4.20E+14,0,53.2,8,0.06,3
196,4.20E+14,0,52.3,14,0.11,3
197,4.20E+14,0,128.9,42,0.16,3
198,4.20E+14,0,135.5,185,0.65,3
199,4.20E+14,0,13.9,78,2.09,2
200,4.20E+14,0,4.3,56,5.12,2
201,4.20E+14,0,0.7,6,4.29,2
202,4.20E+14,0,38,173,2.21,3
203,4.20E+14,0,5.2,48,3.85,1
204,4.20E+14,0,2.9,50,5.86,2
205,4.20E+14,0,3.2,55,7.5,2
206,4.20E+14,0,5.8,57,4.66,3
207,4.20E+14,0,0.4,184,0,2
208,4.20E+14,0,15.5,0,0,2
209,4.20E+14,0,21.8,0,0,2
210,4.20E+14,0,7.8,145,0,1
211,4.20E+14,0,3.4,9,1.18,2
212,4.20E+14,0,4.7,0,0,2
213,4.20E+14,0,0.4,0,0,3
214,4.20E+14,0,1.2,7,1.67,3
215,4.20E+14,0,55.8,55,0.52,2
216,4.20E+14,0,28.6,168,3.39,1
217,4.20E+14,0,0.1,0,0,1
218,4.20E+14,0,3.8,0,0,1
219,4.20E+14,0,3.4,4,0.59,2
220,4.20E+14,0,27.2,145,2.17,1
221,4.20E+14,0,2.9,7,1.38,2
222,4.20E+14,0,10.7,82,2.52,2
223,4.20E+14,0,8.8,0,0,3
224,4.20E+14,0,4.2,29,3.1,2
225,4.20E+14,0,7.3,100,5.07,1
226,4.20E+14,0,1.4,22,4.29,3
227,4.20E+14,0,62.3,70,0.47,3
228,4.20E+14,0,1.9,26,4.21,2
229,4.20E+14,0,10.4,3,0.19,3
230,4.20E+14,0,256.3,56,0.09,1
231,4.20E+14,0,2.3,0,0,3
232,4.20E+14,0,8.3,0,0,1
233,4.20E+14,0,47.2,5,0.11,3
234,4.20E+14,0,68.9,180,1.06,1
235,4.20E+14,0,80.8,67,0.37,1
236,4.20E+14,0,0.9,0,0,3
237,4.20E+14,0,0.8,0,0,2
238,4.20E+14,0,1.4,52,22.86,2
239,4.20E+14,0,0.9,22,10,1
240,4.20E+14,0,0.8,0,0,1
241,4.20E+14,0,1.4,16,9.29,1
242,4.20E+14,0,0.7,4,4.29,1
243,4.20E+14,0,2.1,17,5.24,3
244,4.20E+14,0,0.6,23,13.33,2
245,4.20E+14,0,3.8,19,3.42,2
246,4.20E+14,0,0.7,12,8.57,1
247,4.20E+14,0,1.4,14,5.71,2
248,4.20E+14,0,0.8,21,17.5,3
249,4.20E+14,0,0.4,25,35,3
250,4.20E+14,0,1.7,68,21.76,2
251,4.20E+14,0,1.5,12,4.67,3
252,4.20E+14,0,1.2,1,0.83,3
253,4.20E+14,0,133.5,26,0.1,1
254,4.20E+14,0,13.6,22,0.59,2
255,4.20E+14,0,0.6,0,0,3
256,4.20E+14,0,1.5,0,0,1
257,4.20E+14,0,5.3,0,0,2
258,4.20E+14,0,2.6,0,0,2
259,4.20E+14,0,0.2,0,0,1
260,4.20E+14,0,0.7,3,2.86,3
261,4.20E+14,0,2.3,0,0,3
262,4.20E+14,0,1.7,0,0,3
263,4.20E+14,0,8.5,0,0,2
264,4.20E+14,0,0.7,0,0,3
265,4.20E+14,0,0.8,0,0,1
266,4.20E+14,0,0.8,0,0,2
267,4.20E+14,0,0.6,0,0,2
268,4.20E+14,0,0.5,0,0,3
269,4.20E+14,0,0.1,0,0,1
270,4.20E+14,0,0.2,0,0,2
271,4.20E+14,0,7.4,12,0.68,2
272,4.20E+14,0,0.1,0,0,1
273,4.20E+14,0,31.4,39,0.41,1
274,4.20E+14,0,15.1,6,0.26,1
275,4.20E+14,0,31.6,40,0.57,2
276,4.20E+14,0,1.4,2,0.71,3
277,4.20E+14,0,11.2,13,0.54,2
278,4.20E+14,0,2.3,0,0,2
279,4.20E+14,0,96.2,52,0.29,3
280,4.20E+14,0,10.1,4,0.5,1
281,4.20E+14,0,2.1,24,5.24,2
282,4.20E+14,0,0.2,1,5,2
283,4.20E+14,0,1,3,1,1
284,4.20E+14,0,0.2,0,0,2
285,4.20E+14,0,0.7,1,2.86,1
286,4.20E+14,0,5.8,3,0.34,2
287,4.20E+14,0,0.5,0,0,3
288,4.20E+14,0,2.9,56,7.24,2
289,4.20E+14,0,5.6,81,7.68,3
290,4.20E+14,0,1.5,46,16,2
291,4.20E+14,0,0.8,12,6.25,2
292,4.20E+14,0,4,38,4.25,3
293,4.20E+14,0,0.6,6,6.67,1
294,4.20E+14,0,4.4,74,7.27,3
295,4.20E+14,0,3.1,44,5.48,3
296,4.20E+14,0,3,44,5.67,2
297,4.20E+14,0,154.2,33,0.12,1
298,4.20E+14,0,7.3,9,0.68,1
299,4.20E+14,0,12.8,58,1.88,1
300,4.20E+14,0,127.1,25,0.08,3
301,4.20E+14,0,11.8,41,1.1,1
302,4.20E+14,0,39,9,0.08,2
303,4.20E+14,0,72.5,34,0.19,3
304,4.20E+14,0,123,38,0.11,3
305,4.20E+14,0,13.7,4,0.07,1
306,4.20E+14,0,1,0,0,3
307,4.20E+14,0,2.5,0,0,3
308,4.20E+14,0,40.8,0,0,3
309,4.20E+14,0,1.8,0,0,3
310,4.20E+14,0,4.4,5,0.45,3
311,4.20E+14,0,1.7,3,0.59,2
312,4.20E+14,0,0.9,2,1.11,1
313,4.20E+14,0,2.7,1,0.37,3
314,4.20E+14,0,6.6,2,0.15,3
315,4.20E+14,0,16.4,14,0.3,3
316,4.20E+14,0,16.4,0,0,2
317,4.20E+14,0,0.2,7,10,1
318,4.20E+14,0,1.5,2,0.67,1
319,4.20E+14,0,0.4,0,0,1
320,4.20E+14,0,0.1,0,0,2
321,4.20E+14,0,0.1,0,10,2
322,4.20E+14,0,1.2,1,0.83,1
323,4.20E+14,0,6.5,0,0,1
324,4.20E+14,0,4.8,7,0.42,2
325,4.20E+14,0,296.2,59,0.1,3
326,4.20E+14,0,8.9,0,0,2
327,4.20E+14,0,18.9,0,0,1
328,4.20E+14,0,10,5,0.3,3
329,4.20E+14,0,111.9,28,0.09,2
330,4.20E+14,0,39.5,18,0.15,1
331,4.20E+14,0,52.5,17,0.11,3
332,4.20E+14,0,4.5,2,0.22,1
333,4.20E+14,0,4.2,0,0,2
334,4.20E+14,0,4.5,8,0.89,1
335,4.20E+14,0,0.5,0,0,3
336,4.20E+14,0,8.2,3,0.24,2
337,4.20E+14,0,3.4,0,0,2
338,4.20E+14,0,76.9,33,0.14,2
339,4.20E+14,0,24.8,10,0.16,3
340,4.20E+14,0,71.1,6,0.04,2
341,4.20E+14,0,29.6,23,0.27,3
342,4.20E+14,0,3.8,0,0,2
343,4.20E+14,0,0.4,0,0,1
344,4.20E+14,0,16.8,0,0,3
345,4.20E+14,0,27.6,17,0.22,1
346,4.20E+14,0,26.8,13,0.22,1
347,4.20E+14,0,0.8,0,0,1
348,4.20E+14,0,80.1,0,0,2
349,4.20E+14,0,41.1,8,0.1,1
350,4.20E+14,0,62.9,13,0.11,3
351,4.20E+14,0,46.2,146,1.39,3
352,4.20E+14,0,4.7,4,0.21,1
353,4.20E+14,0,63.9,47,0.27,3
354,4.20E+14,0,50.8,52,0.49,2
355,4.20E+14,0,7.2,17,0.97,3
356,4.20E+14,0,112.5,80,0.24,3
357,4.20E+14,0,58.5,45,0.29,2
358,4.20E+14,0,110.4,20,0.09,1
359,4.20E+14,0,4.6,7,0.87,2
360,4.20E+14,0,183.9,34,0.07,2
361,4.20E+14,0,4.2,0,0,3
362,4.20E+14,0,15.6,36,0.45,1
363,4.20E+14,0,37,27,0.05,3
364,4.20E+14,0,3.2,0,0,1
365,4.20E+14,0,0.3,9,13.33,2
366,4.20E+14,0,0.8,29,11.25,3
367,4.20E+14,0,0.8,18,7.5,1
368,4.20E+14,0,0.7,13,7.14,3
369,4.20E+14,0,0.1,12,50,1
370,4.20E+14,0,0.2,8,10,3
371,4.20E+14,0,0.7,12,7.14,2
372,4.20E+14,0,1.2,11,4.17,2
373,4.20E+14,0,0.3,41,10,3
374,4.20E+14,0,4,304,0,2
375,4.20E+14,0,17.7,713,0.28,1
376,4.20E+14,0,1.5,25,5.33,3
377,4.20E+14,0,0.9,73,31.11,1
378,4.20E+14,0,1.6,56,7.5,2
379,4.20E+14,0,0.4,38,10,3
380,4.20E+14,0,0.4,23,20,1
381,4.20E+14,0,0.6,8,3.33,2
382,4.20E+14,0,0.6,102,40,2
383,4.20E+14,0,0.2,33,105,2
384,4.20E+14,0,0.6,64,38.33,1
385,4.20E+14,0,0.6,32,26.67,2
386,4.20E+14,0,0.4,0,0,1
387,4.20E+14,0,0.5,0,0,1
388,4.20E+14,0,0.5,63,0,3
389,4.20E+14,0,0.3,0,0,1
390,4.20E+14,0,0.1,0,0,2
391,4.20E+14,0,10.3,52,2.33,3
392,4.20E+14,0,6.7,6,0.6,1
393,4.20E+14,0,5.2,47,3.65,3
394,4.20E+14,0,0.9,66,7.78,3
395,4.20E+14,0,1.4,20,1.43,2
396,4.20E+14,0,1.6,33,10.63,2
397,4.20E+14,0,1.4,49,16.43,3
398,4.20E+14,0,1.2,36,15,3
399,4.20E+14,0,2.5,55,10.4,2
400,4.20E+14,0,1.1,22,10.91,1
401,4.20E+14,0,0.8,51,22.5,1
402,4.20E+14,0,1.4,44,19.29,2
403,4.20E+14,0,1.4,138,11.43,1
404,4.20E+14,0,2.6,200,14.62,2
405,4.20E+14,0,2.9,69,9.66,1
406,4.20E+14,0,0.9,8,4.44,1
407,4.20E+14,0,6.8,40,2.21,3
408,4.20E+14,0,0.7,73,18.57,2
409,4.20E+14,0,2.4,121,34.17,1
410,4.20E+14,0,1.1,16,1.82,3
411,4.20E+14,0,1,17,10,2
412,4.20E+14,0,0.8,139,1.25,1
413,4.20E+14,0,10,189,1.2,2
414,4.20E+14,0,0.5,0,0,1
415,4.20E+14,0,7.5,27,1.2,3
416,4.20E+14,0,0.8,26,11.25,3
417,4.20E+14,0,1.1,21,12.73,3
418,4.20E+14,0,0.5,15,18,1
419,4.20E+14,0,1.5,44,15.33,1
420,4.20E+14,0,1.3,2,0.77,1
421,4.20E+14,0,0.4,110,172.5,1
422,4.20E+14,0,1.1,87,28.18,2
423,4.20E+14,0,1,50,38,1
424,4.20E+14,0,1.3,73,35.38,3
425,4.20E+14,0,0.4,4,10,3
426,4.20E+14,0,2.3,164,45.65,2
427,4.20E+14,0,1.9,147,31.58,3
428,4.20E+14,0,1.8,71,21.11,1
429,4.20E+14,0,1.7,8,1.76,1
430,4.20E+14,0,0.9,20,10,1
431,4.20E+14,0,0.6,10,11.67,3
432,4.20E+14,0,0.8,18,8.75,3
433,4.20E+14,0,2,49,13,3
434,4.20E+14,0,1.4,3,1.43,1
435,4.20E+14,0,0.9,38,13.33,2
436,4.20E+14,0,1.9,8,2.11,2
437,4.20E+14,0,4.1,100,18.05,3
438,4.20E+14,0,3.2,9,1.56,2
439,4.20E+14,0,1.3,55,19.23,1
440,4.20E+14,0,1,54,22,1
441,4.20E+14,0,0.9,28,17.78,2
442,4.20E+14,0,0.4,6,7.5,2
443,4.20E+14,0,1,23,9,2
444,4.20E+14,0,0.8,12,10,2
445,4.20E+14,0,0.4,19,25,2
446,4.20E+14,0,0.6,14,8.33,2
447,4.20E+14,0,0.5,17,22,1
448,4.20E+14,0,0.3,11,20,2
449,4.20E+14,0,10.2,85,4.02,1
450,4.20E+14,0,2.5,47,10.8,3
451,4.20E+14,0,0.8,12,7.5,3
452,4.20E+14,0,26.4,125,2.84,3
453,4.20E+14,0,0.3,13,26.67,3
454,4.20E+14,0,0.6,14,30,2
455,4.20E+14,0,0.7,56,18.57,3
456,4.20E+14,0,0.7,44,24.29,3
457,4.20E+14,0,1,38,23,1
458,4.20E+14,0,0.3,17,20,1
459,4.20E+14,0,0.8,17,7.5,3
460,4.20E+14,0,0.2,25,45,1
461,4.20E+14,0,0.6,35,26.67,2
462,4.20E+14,0,2.5,15,4.4,3
463,4.20E+14,0,0.8,24,22.5,1
464,4.20E+14,0,0.3,39,43.33,1
465,4.20E+14,0,0.7,72,35.71,1
466,4.20E+14,0,0.6,0,0,2
467,4.20E+14,0,0.6,38,31.67,2
468,4.20E+14,0,0.3,56,46.67,1
469,4.20E+14,0,0.2,27,60,1
470,4.20E+14,0,0.6,39,16.67,3
471,4.20E+14,0,0.2,0,0,1
472,4.20E+14,0,0.4,0,0,2
473,4.20E+14,0,2.3,131,26.96,2
474,4.20E+14,0,2.2,100,12.27,3
475,4.20E+14,0,7,9,1.14,2
476,4.20E+14,0,0.8,14,6.25,3
477,4.20E+14,0,5.6,74,8.75,2
478,4.20E+14,0,1.4,12,7.86,2
479,4.20E+14,0,1,0,0,3
480,4.20E+14,0,0.1,0,0,2
481,4.20E+14,0,0.6,6,6.67,2
482,4.20E+14,0,2.4,6,0.83,1
483,4.20E+14,0,1.7,15,7.06,2
484,4.20E+14,0,3.2,59,8.75,3
485,4.20E+14,0,2.7,38,6.3,2
486,4.20E+14,0,0.9,15,10,3
487,4.20E+14,0,2,38,8.5,1
488,4.20E+14,0,0.3,8,16.67,3
489,4.20E+14,0,1.3,0,0,3
490,4.20E+14,0,2.8,38,7.5,1
491,4.20E+14,0,1.8,18,5.56,2
492,4.20E+14,0,1.8,29,8.33,1
493,4.20E+14,0,1.1,31,12.73,1
494,4.20E+14,0,1.9,2,0.53,3
495,4.20E+14,0,1.5,0,0,3
496,4.20E+14,0,1.2,19,7.5,2
497,4.20E+14,0,1.1,8,8.18,2
498,4.20E+14,0,2.2,29,6.36,1
499,4.20E+14,0,2,33,7,2
500,4.20E+14,0,2.1,23,4.29,3
501,4.20E+14,0,2.2,19,4.55,3
502,4.20E+14,0,3,11,2,1
503,4.20E+14,0,4.3,55,5.12,2
504,4.20E+14,0,5.3,12,1.51,2
505,4.20E+14,0,1.1,5,5.45,1
506,4.20E+14,0,2.6,47,8.46,2
507,4.20E+14,0,2.7,89,15.93,3
508,4.20E+14,0,6.7,142,11.64,2
509,4.20E+14,0,0.6,20,20,2
510,4.20E+14,0,2.4,122,27.5,3
511,4.20E+14,0,2.4,64,17.5,3
512,4.20E+14,0,2.5,130,27.2,2
513,4.20E+14,0,0.4,3,7.5,2
514,4.20E+14,0,2.4,134,13.75,2
515,4.20E+14,0,2.6,60,15,1
516,4.20E+14,0,1.1,67,30,1
517,4.20E+14,0,1,33,20,1
518,4.20E+14,0,0.8,0,1.25,1
519,4.20E+14,0,5.3,0,0,1
520,4.20E+14,0,0.6,20,13.33,2
521,4.20E+14,0,1,10,4,2
522,4.20E+14,0,1.4,29,10.71,2
523,4.20E+14,0,2.5,98,16,3
524,4.20E+14,0,8.9,0,0,1
525,4.20E+14,0,5.4,13,1.67,2
526,4.20E+14,0,0.7,6,4.29,1
527,4.20E+14,0,0.6,14,13.33,1
528,4.20E+14,0,1.8,43,13.33,2
529,4.20E+14,0,0.7,9,7.14,2
530,4.20E+14,0,3.8,58,7.89,2
531,4.20E+14,0,0.3,0,0,1
532,4.20E+14,0,212.8,40,0.08,3
533,4.20E+14,0,189.7,23,0.06,3
534,4.20E+14,0,83.7,7,0.04,2
535,4.20E+14,0,34.3,16,0.12,2
536,4.20E+14,0,52.1,14,0.1,3
537,4.20E+14,0,62.2,11,0.1,1
538,4.20E+14,0,35.8,0,0,1
539,4.20E+14,0,219.8,14,0.03,1
540,4.20E+14,0,3.9,0,0,3
541,4.20E+14,0,0.8,0,0,3
542,4.20E+14,0,36.8,0,0,2
543,4.20E+14,0,119.8,20,0.05,3
544,4.20E+14,0,35.9,3,0.03,3
545,4.20E+14,0,60.5,8,0.05,1
546,4.20E+14,0,18.1,0,0,3
547,4.20E+14,0,19.7,8,0.15,2
548,4.20E+14,0,67,32,0.21,1
549,4.20E+14,0,197,12,0.04,2
550,4.20E+14,0,94.5,23,0.1,3
551,4.20E+14,0,50.5,19,0.14,3
552,4.20E+14,0,159.4,18,0.04,2
553,4.20E+14,0,49.3,6,0.08,1
